239491
182472
171179
105492
121068
167275
127249
110632
176332
145850
===============================================================621108
465026
710596
915539
269362
800208
313236
36544
376542
595062
===============================================================Execution time =  7.882348 seconds
200476
215409
131414
144852
149002
150080
142137
174499
145748
190207
===============================================================44494
92588
36032,651315
832236,738664
293656
777514
650173
41225
121461
715116
===============================================================Execution time =  7.535911 seconds
304430
134315
129951
152313
106398
158175
166334
140812
126009
185304
===============================================================643955
258753
811212
139446
794929
810417
966952
40203
282140,774527
622726
===============================================================Execution time =  7.736703 seconds
143026
139524
207347
218001
114244
246778
125623
125531
223076
104813
===============================================================795459
838466
656012
270137
810342
305871
276052
858539,400476
80450
227544
===============================================================Execution time =  7.674386 seconds
157723
172340
113859
131906
156269
184145
182417
213822
127977
198416
===============================================================161847
57835,665320
535651
129109
58035,615107
143984
122592
231954
919793
585376
===============================================================Execution time =  7.735616 seconds
131386
104808
103395
237499
119580
99018
132102
119629
106932
128094
===============================================================343467
421120
83805
999049
534747
937957,929366
342702
359020
48812
669109
===============================================================Execution time =  8.139554 seconds
140515
126559
160966
149202
130883
111826
155642
125616
211056
131536
===============================================================747898
673911
629412
935326
941645
15632,443844
894623
160442
321187
985889
===============================================================Execution time =  7.912665 seconds
155891
87498
122489
153889
207522
98524
185451
213917
242026
101403
===============================================================252086
986848,552235
562072
260362
12120
204976,699504
206073
517035
263816
426284
===============================================================Execution time =  7.787597 seconds
163818
119970
137795
283560
120718
208040
255680
140041
381454
118965
===============================================================338749
716331
101757
539139
574035
85201
311415
344521
287753
296999,598140
===============================================================Execution time =  7.329560 seconds
86995
233930
141481
260170
176018
215414
149858
216459
147862
112673
===============================================================443968,971600
173945
492664
783827
810958
206620
948261
342839
192102
893462
===============================================================Execution time =  7.551331 seconds
